----------------------------------------------------------------------------------------------------
Estrutura de Binários:
----------------------------------------------------------------------------------------------------
base do binário:
128 64 32 16 8 4 2 1


10010110 = 150
  1  0  0  1 0 1 1 0
128 64 32 16 8 4 2 1

128 + 16 + 4 + 2 = 150


11010011 = 211

  1  1  0  1 0 0 1 1
128 64 32 16 8 4 2 1

128 + 64 + 16 + 2 + 1 = 211

36 = 0010 0100
  0  0  1  0 0 1 0 0
128 64 32 16 8 4 2 1

152 = 1001 1000

  1  0  0  1 1 0 0 0
128 64 32 16 8 4 2 1